%YAML:1.0
cameraMatrix: !!opencv-matrix
   rows: 3
   cols: 3
   dt: d
   data: [ 3.3656559768911879e+003, 0., 1.4020586924532720e+003, 0.,
       3.3488487464693603e+003, 1.0379883139173651e+003, 0., 0., 1. ]
imageSize_width: 2560
imageSize_height: 1920
sensorSize_width: 0
sensorSize_height: 0
distCoeffs: !!opencv-matrix
   rows: 5
   cols: 1
   dt: d
   data: [ -3.6838882375782539e-001, 3.2731633976647040e-001,
       -2.8665690522002006e-003, -1.9923686477109647e-003,
       -6.7502632169065457e-001 ]
reprojectionError: 6.1894810199737549e-001
features:
   - [ 1.89943262e+003, 1.73773938e+003, 1.76737622e+003,
       1.73320776e+003, 1.63330298e+003, 1.72791235e+003,
       1.49741833e+003, 1.72083423e+003, 1.35989612e+003,
       1.71289636e+003, 1.22138660e+003, 1.70444177e+003,
       1.08215735e+003, 1.69515308e+003, 9.42860901e+002,
       1.68499963e+003, 8.04072205e+002, 1.67379346e+003,
       1.90810388e+003, 1.60396582e+003, 1.77593005e+003,
       1.59854834e+003, 1.64180615e+003, 1.59215247e+003,
       1.50600281e+003, 1.58467163e+003, 1.36836255e+003,
       1.57609753e+003, 1.22999365e+003, 1.56730615e+003,
       1.09063660e+003, 1.55774475e+003, 9.51238586e+002,
       1.54744080e+003, 8.12558350e+002, 1.53648047e+003,
       1.91578735e+003, 1.46990393e+003, 1.78390063e+003,
       1.46338428e+003, 1.65003992e+003, 1.45638000e+003,
       1.51435461e+003, 1.44803430e+003, 1.37686658e+003,
       1.43906128e+003, 1.23845569e+003, 1.42980884e+003,
       1.09945325e+003, 1.42007727e+003, 9.60075745e+002,
       1.40967126e+003, 8.21333984e+002, 1.39892200e+003,
       1.92284900e+003, 1.33549963e+003, 1.79134875e+003,
       1.32810425e+003, 1.65784814e+003, 1.32019031e+003,
       1.52237427e+003, 1.31113452e+003, 1.38519946e+003,
       1.30161365e+003, 1.24710669e+003, 1.29202307e+003,
       1.10826489e+003, 1.28195593e+003, 9.69198608e+002,
       1.27180383e+003, 8.30797791e+002, 1.26106433e+003,
       1.92911780e+003, 1.20158569e+003, 1.79821875e+003,
       1.19329431e+003, 1.66514771e+003, 1.18451965e+003,
       1.53004480e+003, 1.17492834e+003, 1.39339978e+003,
       1.16489294e+003, 1.25559631e+003, 1.15504712e+003,
       1.11740613e+003, 1.14469653e+003, 9.78712769e+002,
       1.13445068e+003, 8.40738342e+002, 1.12388867e+003,
       1.93434241e+003, 1.06896350e+003, 1.80437610e+003,
       1.05943933e+003, 1.67209326e+003, 1.04994702e+003,
       1.53766968e+003, 1.03953735e+003, 1.40137842e+003,
       1.02903406e+003, 1.26420544e+003, 1.01890588e+003,
       1.12646631e+003, 1.00862573e+003, 9.88581482e+002,
       9.98324768e+002, 8.51123718e+002, 9.87864807e+002 ]
   - [ 1.31535510e+003, 1.36139221e+003, 1.18202625e+003,
       1.37398230e+003, 1.04657410e+003, 1.38631445e+003,
       9.08933594e+002, 1.39762195e+003, 7.69392517e+002,
       1.40857007e+003, 6.29153442e+002, 1.41964563e+003,
       4.88159454e+002, 1.43006018e+003, 3.47395538e+002,
       1.44033447e+003, 2.07375061e+002, 1.44973950e+003,
       1.30329932e+003, 1.22529834e+003, 1.16995142e+003,
       1.23637427e+003, 1.03438342e+003, 1.24742102e+003,
       8.96666077e+002, 1.25770203e+003, 7.57240173e+002,
       1.26761206e+003, 6.16878418e+002, 1.27800928e+003,
       4.76123138e+002, 1.28785364e+003, 3.34982025e+002,
       1.29781006e+003, 1.95076080e+002, 1.30689417e+003,
       1.29136084e+003, 1.08959900e+003, 1.15818018e+003,
       1.09907214e+003, 1.02277014e+003, 1.10884485e+003,
       8.85299744e+002, 1.11770251e+003, 7.46036865e+002,
       1.12702112e+003, 6.05714478e+002, 1.13624036e+003,
       4.65053192e+002, 1.14571411e+003, 3.24271667e+002,
       1.15475989e+003, 1.84238144e+002, 1.16393335e+003,
       1.27995886e+003, 9.54001465e+002, 1.14718713e+003,
       9.62090210e+002, 1.01203125e+003, 9.70481262e+002,
       8.74625366e+002, 9.78345093e+002, 7.35585754e+002,
       9.86161499e+002, 5.95613098e+002, 9.94908508e+002,
       4.55159485e+002, 1.00336401e+003, 3.14607391e+002,
       1.01245715e+003, 1.74956360e+002, 1.02099152e+003,
       1.26894470e+003, 8.19453308e+002, 1.13629626e+003,
       8.26170044e+002, 1.00173828e+003, 8.33105591e+002,
       8.64754883e+002, 8.39720032e+002, 7.26225891e+002,
       8.46735901e+002, 5.86870483e+002, 8.54527100e+002,
       4.46609833e+002, 8.62572998e+002, 3.06700012e+002,
       8.70630005e+002, 1.67404907e+002, 8.79318115e+002,
       1.25804712e+003, 6.86468201e+002, 1.12626123e+003,
       6.91787842e+002, 9.91981934e+002, 6.97326477e+002,
       8.55639709e+002, 7.02740173e+002, 7.17668579e+002,
       7.08813110e+002, 5.78705811e+002, 7.15803894e+002,
       4.39402771e+002, 7.22879089e+002, 3.00018677e+002,
       7.30763916e+002, 1.61180832e+002, 7.39098328e+002 ]
   - [ 1.56196985e+003, 1.56682227e+003, 1.41790051e+003,
       1.56926587e+003, 1.27056885e+003, 1.57113867e+003,
       1.12078528e+003, 1.57120825e+003, 9.68168091e+002,
       1.57063123e+003, 8.14099548e+002, 1.56947742e+003,
       6.58838135e+002, 1.56737976e+003, 5.03518829e+002,
       1.56467871e+003, 3.48908661e+002, 1.56069458e+003,
       1.56862170e+003, 1.42111426e+003, 1.42376477e+003,
       1.42189722e+003, 1.27572913e+003, 1.42212830e+003,
       1.12491455e+003, 1.42118274e+003, 9.71185059e+002,
       1.41922107e+003, 8.16222717e+002, 1.41715295e+003,
       6.59741150e+002, 1.41447974e+003, 5.03003937e+002,
       1.41135962e+003, 3.47459564e+002, 1.40697351e+003,
       1.57541833e+003, 1.27350476e+003, 1.43018579e+003,
       1.27266858e+003, 1.28140955e+003, 1.27137280e+003,
       1.12958069e+003, 1.26867700e+003, 9.75193237e+002,
       1.26579663e+003, 8.18976074e+002, 1.26266199e+003,
       6.61792053e+002, 1.25929944e+003, 5.04211456e+002,
       1.25522449e+003, 3.47333099e+002, 1.25091150e+003,
       1.58274292e+003, 1.12437427e+003, 1.43715222e+003,
       1.12162366e+003, 1.28778784e+003, 1.11865857e+003,
       1.13533533e+003, 1.11435242e+003, 9.80065186e+002,
       1.10998865e+003, 8.23235474e+002, 1.10596924e+003,
       6.65143066e+002, 1.10162939e+003, 5.06807983e+002,
       1.09716760e+003, 3.49126892e+002, 1.09232666e+003,
       1.59057703e+003, 9.74223022e+002, 1.44413696e+003,
       9.69642151e+002, 1.29438257e+003, 9.64585693e+002,
       1.14131482e+003, 9.59039978e+002, 9.85785828e+002,
       9.53430176e+002, 8.28352112e+002, 9.48019531e+002,
       6.69786926e+002, 9.42978149e+002, 5.10730316e+002,
       9.37777283e+002, 3.52481842e+002, 9.32922974e+002,
       1.59792285e+003, 8.23636414e+002, 1.45136060e+003,
       8.16777405e+002, 1.30172192e+003, 8.10347656e+002,
       1.14809741e+003, 8.03181702e+002, 9.92018982e+002,
       7.96155457e+002, 8.34345032e+002, 7.89709290e+002,
       6.75725403e+002, 7.83747192e+002, 5.16383301e+002,
       7.78014893e+002, 3.57840973e+002, 7.72895020e+002 ]
   - [ 1.59195093e+003, 1.50371521e+003, 1.47354980e+003,
       1.51094360e+003, 1.34809802e+003, 1.51827393e+003,
       1.21414551e+003, 1.52480371e+003, 1.07092432e+003,
       1.53103931e+003, 9.18990356e+002, 1.53713013e+003,
       7.57397949e+002, 1.54323987e+003, 5.87816467e+002,
       1.54825842e+003, 4.08383118e+002, 1.55243396e+003,
       1.59651233e+003, 1.34691772e+003, 1.47783142e+003,
       1.34926221e+003, 1.35166406e+003, 1.35121692e+003,
       1.21761743e+003, 1.35242737e+003, 1.07433362e+003,
       1.35316187e+003, 9.22589355e+002, 1.35364795e+003,
       7.61218201e+002, 1.35374756e+003, 5.90737061e+002,
       1.35355383e+003, 4.10874725e+002, 1.35176074e+003,
       1.60055334e+003, 1.18974756e+003, 1.48283533e+003,
       1.18671875e+003, 1.35686841e+003, 1.18357532e+003,
       1.22246655e+003, 1.17902405e+003, 1.07970215e+003,
       1.17417529e+003, 9.27642151e+002, 1.16892065e+003,
       7.66342896e+002, 1.16326953e+003, 5.95785889e+002,
       1.15701318e+003, 4.15885284e+002, 1.15026794e+003,
       1.60574414e+003, 1.03212854e+003, 1.48844214e+003,
       1.02407129e+003, 1.36288391e+003, 1.01549475e+003,
